_c0,OPcodes,count
4vNDlExnr0y2mFXUgbz3,db,250928
4vNDlExnr0y2mFXUgbz3,jmp,61
4vNDlExnr0y2mFXUgbz3,push,58
4vNDlExnr0y2mFXUgbz3,pop,57
4vNDlExnr0y2mFXUgbz3,mov,37
4vNDlExnr0y2mFXUgbz3,dd,31
4vNDlExnr0y2mFXUgbz3,add,17
4vNDlExnr0y2mFXUgbz3,xor,11
4vNDlExnr0y2mFXUgbz3,cmp,10
4vNDlExnr0y2mFXUgbz3,xchg,9
4vNDlExnr0y2mFXUgbz3,sub,9
4vNDlExnr0y2mFXUgbz3,dec,9
4vNDlExnr0y2mFXUgbz3,dw,7
4vNDlExnr0y2mFXUgbz3,adc,5
4vNDlExnr0y2mFXUgbz3,and,4
4vNDlExnr0y2mFXUgbz3,inc,4
4vNDlExnr0y2mFXUgbz3,test,4
4vNDlExnr0y2mFXUgbz3,lea,3
4vNDlExnr0y2mFXUgbz3,rol,3
4vNDlExnr0y2mFXUgbz3,jz,3
4vNDlExnr0y2mFXUgbz3,not,2
4vNDlExnr0y2mFXUgbz3,ror,2
4vNDlExnr0y2mFXUgbz3,jg,2
4vNDlExnr0y2mFXUgbz3,or,2
4vNDlExnr0y2mFXUgbz3,jnz,1
4vNDlExnr0y2mFXUgbz3,jp,1
4vNDlExnr0y2mFXUgbz3,rcr,1
4vNDlExnr0y2mFXUgbz3,int,1
4vNDlExnr0y2mFXUgbz3,loopne,1
4vNDlExnr0y2mFXUgbz3,neg,1
4vNDlExnr0y2mFXUgbz3,jbe,1
4vNDlExnr0y2mFXUgbz3,fst,1
4vNDlExnr0y2mFXUgbz3,jns,1
4vNDlExnr0y2mFXUgbz3,enter,1
4vNDlExnr0y2mFXUgbz3,shl,1
4vNDlExnr0y2mFXUgbz3,sal,1
4vNDlExnr0y2mFXUgbz3,div,1
4vNDlExnr0y2mFXUgbz3,call,1
4vNDlExnr0y2mFXUgbz3,fstp,1
4vNDlExnr0y2mFXUgbz3,fdiv,1
4vNDlExnr0y2mFXUgbz3,ja,1
4vNDlExnr0y2mFXUgbz3,align,1
4vNDlExnr0y2mFXUgbz3,fsubr,1
