_c0,OPcodes,count
5LaoOiqj82w0uQpWzDSf,db,2283
5LaoOiqj82w0uQpWzDSf,push,447
5LaoOiqj82w0uQpWzDSf,sub,265
5LaoOiqj82w0uQpWzDSf,lea,200
5LaoOiqj82w0uQpWzDSf,and,196
5LaoOiqj82w0uQpWzDSf,sbb,185
5LaoOiqj82w0uQpWzDSf,adc,182
5LaoOiqj82w0uQpWzDSf,add,166
5LaoOiqj82w0uQpWzDSf,call,163
5LaoOiqj82w0uQpWzDSf,pop,158
5LaoOiqj82w0uQpWzDSf,test,157
5LaoOiqj82w0uQpWzDSf,dd,119
5LaoOiqj82w0uQpWzDSf,cmp,116
5LaoOiqj82w0uQpWzDSf,or,114
5LaoOiqj82w0uQpWzDSf,align,79
5LaoOiqj82w0uQpWzDSf,ja,77
5LaoOiqj82w0uQpWzDSf,movzx,71
5LaoOiqj82w0uQpWzDSf,jl,56
5LaoOiqj82w0uQpWzDSf,jnz,54
5LaoOiqj82w0uQpWzDSf,xor,52
5LaoOiqj82w0uQpWzDSf,jb,46
5LaoOiqj82w0uQpWzDSf,jz,38
5LaoOiqj82w0uQpWzDSf,mov,35
5LaoOiqj82w0uQpWzDSf,retn,20
5LaoOiqj82w0uQpWzDSf,dw,12
5LaoOiqj82w0uQpWzDSf,jmp,7
5LaoOiqj82w0uQpWzDSf,dec,4
5LaoOiqj82w0uQpWzDSf,inc,4
5LaoOiqj82w0uQpWzDSf,imul,2
5LaoOiqj82w0uQpWzDSf,xchg,1
