_c0,OPcodes,count
ELbIP3i6rgW41Rl9phnZ,db,25815
ELbIP3i6rgW41Rl9phnZ,mov,17443
ELbIP3i6rgW41Rl9phnZ,push,12794
ELbIP3i6rgW41Rl9phnZ,call,6470
ELbIP3i6rgW41Rl9phnZ,cmp,3962
ELbIP3i6rgW41Rl9phnZ,pop,3730
ELbIP3i6rgW41Rl9phnZ,dd,3614
ELbIP3i6rgW41Rl9phnZ,jz,3304
ELbIP3i6rgW41Rl9phnZ,test,2732
ELbIP3i6rgW41Rl9phnZ,jmp,2259
ELbIP3i6rgW41Rl9phnZ,lea,2231
ELbIP3i6rgW41Rl9phnZ,jnz,2221
ELbIP3i6rgW41Rl9phnZ,xor,1813
ELbIP3i6rgW41Rl9phnZ,add,1524
ELbIP3i6rgW41Rl9phnZ,and,951
ELbIP3i6rgW41Rl9phnZ,retn,912
ELbIP3i6rgW41Rl9phnZ,sub,881
ELbIP3i6rgW41Rl9phnZ,align,849
ELbIP3i6rgW41Rl9phnZ,inc,775
ELbIP3i6rgW41Rl9phnZ,or,657
ELbIP3i6rgW41Rl9phnZ,movzx,653
ELbIP3i6rgW41Rl9phnZ,dec,364
ELbIP3i6rgW41Rl9phnZ,jl,276
ELbIP3i6rgW41Rl9phnZ,jb,236
ELbIP3i6rgW41Rl9phnZ,jge,187
ELbIP3i6rgW41Rl9phnZ,shr,171
ELbIP3i6rgW41Rl9phnZ,jbe,169
ELbIP3i6rgW41Rl9phnZ,jle,162
ELbIP3i6rgW41Rl9phnZ,setnle,157
ELbIP3i6rgW41Rl9phnZ,shl,154
ELbIP3i6rgW41Rl9phnZ,ja,154
ELbIP3i6rgW41Rl9phnZ,neg,126
ELbIP3i6rgW41Rl9phnZ,jnb,123
ELbIP3i6rgW41Rl9phnZ,jg,119
ELbIP3i6rgW41Rl9phnZ,imul,107
ELbIP3i6rgW41Rl9phnZ,sar,92
ELbIP3i6rgW41Rl9phnZ,sbb,83
ELbIP3i6rgW41Rl9phnZ,movsx,74
ELbIP3i6rgW41Rl9phnZ,setnz,71
ELbIP3i6rgW41Rl9phnZ,not,60
ELbIP3i6rgW41Rl9phnZ,setz,59
ELbIP3i6rgW41Rl9phnZ,fstp,36
ELbIP3i6rgW41Rl9phnZ,rep,36
ELbIP3i6rgW41Rl9phnZ,jns,34
ELbIP3i6rgW41Rl9phnZ,adc,33
ELbIP3i6rgW41Rl9phnZ,unicode,29
ELbIP3i6rgW41Rl9phnZ,mul,28
ELbIP3i6rgW41Rl9phnZ,div,27
ELbIP3i6rgW41Rl9phnZ,fld,25
ELbIP3i6rgW41Rl9phnZ,movdqa,24
ELbIP3i6rgW41Rl9phnZ,idiv,22
ELbIP3i6rgW41Rl9phnZ,int,16
ELbIP3i6rgW41Rl9phnZ,dw,12
ELbIP3i6rgW41Rl9phnZ,lock,11
ELbIP3i6rgW41Rl9phnZ,js,11
ELbIP3i6rgW41Rl9phnZ,seto,11
ELbIP3i6rgW41Rl9phnZ,rcr,8
ELbIP3i6rgW41Rl9phnZ,fild,6
ELbIP3i6rgW41Rl9phnZ,setl,5
ELbIP3i6rgW41Rl9phnZ,setnl,4
ELbIP3i6rgW41Rl9phnZ,ldmxcsr,3
ELbIP3i6rgW41Rl9phnZ,xchg,2
ELbIP3i6rgW41Rl9phnZ,fdiv,2
ELbIP3i6rgW41Rl9phnZ,jp,2
ELbIP3i6rgW41Rl9phnZ,fcomp,2
ELbIP3i6rgW41Rl9phnZ,bt,2
ELbIP3i6rgW41Rl9phnZ,stmxcsr,2
ELbIP3i6rgW41Rl9phnZ,repne,2
ELbIP3i6rgW41Rl9phnZ,shrd,2
ELbIP3i6rgW41Rl9phnZ,bts,2
ELbIP3i6rgW41Rl9phnZ,fnstsw,2
ELbIP3i6rgW41Rl9phnZ,fstcw,2
ELbIP3i6rgW41Rl9phnZ,fsubp,1
ELbIP3i6rgW41Rl9phnZ,shld,1
ELbIP3i6rgW41Rl9phnZ,pxor,1
ELbIP3i6rgW41Rl9phnZ,movapd,1
ELbIP3i6rgW41Rl9phnZ,fst,1
ELbIP3i6rgW41Rl9phnZ,fmul,1
ELbIP3i6rgW41Rl9phnZ,fnstcw,1
ELbIP3i6rgW41Rl9phnZ,fistp,1
ELbIP3i6rgW41Rl9phnZ,riid,1
ELbIP3i6rgW41Rl9phnZ,fsubr,1
ELbIP3i6rgW41Rl9phnZ,fldcw,1
