_c0,OPcodes,count
iYRmKWHhed3jLEnZ1tTG,mov,1052
iYRmKWHhed3jLEnZ1tTG,xor,258
iYRmKWHhed3jLEnZ1tTG,cmp,233
iYRmKWHhed3jLEnZ1tTG,add,208
iYRmKWHhed3jLEnZ1tTG,push,192
iYRmKWHhed3jLEnZ1tTG,jmp,184
iYRmKWHhed3jLEnZ1tTG,jnz,120
iYRmKWHhed3jLEnZ1tTG,db,109
iYRmKWHhed3jLEnZ1tTG,call,82
iYRmKWHhed3jLEnZ1tTG,sub,80
iYRmKWHhed3jLEnZ1tTG,inc,79
iYRmKWHhed3jLEnZ1tTG,and,67
iYRmKWHhed3jLEnZ1tTG,jz,64
iYRmKWHhed3jLEnZ1tTG,dec,56
iYRmKWHhed3jLEnZ1tTG,or,48
iYRmKWHhed3jLEnZ1tTG,lea,47
iYRmKWHhed3jLEnZ1tTG,pop,45
iYRmKWHhed3jLEnZ1tTG,imul,36
iYRmKWHhed3jLEnZ1tTG,adc,36
iYRmKWHhed3jLEnZ1tTG,sbb,35
iYRmKWHhed3jLEnZ1tTG,jb,31
iYRmKWHhed3jLEnZ1tTG,dw,29
iYRmKWHhed3jLEnZ1tTG,movzx,20
iYRmKWHhed3jLEnZ1tTG,jnb,14
iYRmKWHhed3jLEnZ1tTG,retn,13
iYRmKWHhed3jLEnZ1tTG,test,10
iYRmKWHhed3jLEnZ1tTG,xchg,9
iYRmKWHhed3jLEnZ1tTG,not,8
iYRmKWHhed3jLEnZ1tTG,shl,7
iYRmKWHhed3jLEnZ1tTG,ja,6
iYRmKWHhed3jLEnZ1tTG,jbe,5
iYRmKWHhed3jLEnZ1tTG,dd,5
iYRmKWHhed3jLEnZ1tTG,neg,4
iYRmKWHhed3jLEnZ1tTG,div,3
iYRmKWHhed3jLEnZ1tTG,shr,1
iYRmKWHhed3jLEnZ1tTG,sar,1
iYRmKWHhed3jLEnZ1tTG,movsx,1
iYRmKWHhed3jLEnZ1tTG,rol,1
iYRmKWHhed3jLEnZ1tTG,align,1
iYRmKWHhed3jLEnZ1tTG,jg,1
