_c0,OPcodes,count
4vfLo0M1ODSRVyJzkX5b,push,9914
4vfLo0M1ODSRVyJzkX5b,mov,8906
4vfLo0M1ODSRVyJzkX5b,db,4996
4vfLo0M1ODSRVyJzkX5b,call,4500
4vfLo0M1ODSRVyJzkX5b,jz,2645
4vfLo0M1ODSRVyJzkX5b,pop,1975
4vfLo0M1ODSRVyJzkX5b,test,1881
4vfLo0M1ODSRVyJzkX5b,lea,1621
4vfLo0M1ODSRVyJzkX5b,cmp,1504
4vfLo0M1ODSRVyJzkX5b,jmp,1102
4vfLo0M1ODSRVyJzkX5b,xor,1100
4vfLo0M1ODSRVyJzkX5b,jnz,880
4vfLo0M1ODSRVyJzkX5b,add,676
4vfLo0M1ODSRVyJzkX5b,dd,589
4vfLo0M1ODSRVyJzkX5b,retn,528
4vfLo0M1ODSRVyJzkX5b,sub,507
4vfLo0M1ODSRVyJzkX5b,inc,449
4vfLo0M1ODSRVyJzkX5b,dec,443
4vfLo0M1ODSRVyJzkX5b,align,345
4vfLo0M1ODSRVyJzkX5b,movzx,291
4vfLo0M1ODSRVyJzkX5b,and,245
4vfLo0M1ODSRVyJzkX5b,neg,152
4vfLo0M1ODSRVyJzkX5b,jl,99
4vfLo0M1ODSRVyJzkX5b,or,89
4vfLo0M1ODSRVyJzkX5b,shl,88
4vfLo0M1ODSRVyJzkX5b,shr,82
4vfLo0M1ODSRVyJzkX5b,sbb,77
4vfLo0M1ODSRVyJzkX5b,movsx,61
4vfLo0M1ODSRVyJzkX5b,rep,57
4vfLo0M1ODSRVyJzkX5b,jle,54
4vfLo0M1ODSRVyJzkX5b,jg,47
4vfLo0M1ODSRVyJzkX5b,jbe,45
4vfLo0M1ODSRVyJzkX5b,jge,35
4vfLo0M1ODSRVyJzkX5b,imul,34
4vfLo0M1ODSRVyJzkX5b,ja,34
4vfLo0M1ODSRVyJzkX5b,setz,32
4vfLo0M1ODSRVyJzkX5b,jb,32
4vfLo0M1ODSRVyJzkX5b,idiv,28
4vfLo0M1ODSRVyJzkX5b,sar,17
4vfLo0M1ODSRVyJzkX5b,jnb,17
4vfLo0M1ODSRVyJzkX5b,setnz,13
4vfLo0M1ODSRVyJzkX5b,extrn,10
4vfLo0M1ODSRVyJzkX5b,fld,8
4vfLo0M1ODSRVyJzkX5b,fstp,8
4vfLo0M1ODSRVyJzkX5b,cdq,4
4vfLo0M1ODSRVyJzkX5b,repe,4
4vfLo0M1ODSRVyJzkX5b,dw,4
4vfLo0M1ODSRVyJzkX5b,not,2
4vfLo0M1ODSRVyJzkX5b,div,1
4vfLo0M1ODSRVyJzkX5b,setle,1
4vfLo0M1ODSRVyJzkX5b,hbm,1
