_c0,OPcodes,count
5ywj3ePIlUD12EkxZtYF,db,1032
5ywj3ePIlUD12EkxZtYF,push,379
5ywj3ePIlUD12EkxZtYF,add,187
5ywj3ePIlUD12EkxZtYF,pop,175
5ywj3ePIlUD12EkxZtYF,call,172
5ywj3ePIlUD12EkxZtYF,mov,156
5ywj3ePIlUD12EkxZtYF,dd,69
5ywj3ePIlUD12EkxZtYF,sub,58
5ywj3ePIlUD12EkxZtYF,align,56
5ywj3ePIlUD12EkxZtYF,lea,41
5ywj3ePIlUD12EkxZtYF,dw,17
5ywj3ePIlUD12EkxZtYF,xor,14
5ywj3ePIlUD12EkxZtYF,cmp,8
5ywj3ePIlUD12EkxZtYF,jnz,7
5ywj3ePIlUD12EkxZtYF,sbb,6
5ywj3ePIlUD12EkxZtYF,test,6
5ywj3ePIlUD12EkxZtYF,jb,5
5ywj3ePIlUD12EkxZtYF,and,3
5ywj3ePIlUD12EkxZtYF,adc,2
5ywj3ePIlUD12EkxZtYF,unicode,2
5ywj3ePIlUD12EkxZtYF,or,2
5ywj3ePIlUD12EkxZtYF,jbe,1
5ywj3ePIlUD12EkxZtYF,dec,1
5ywj3ePIlUD12EkxZtYF,ja,1
5ywj3ePIlUD12EkxZtYF,inc,1
5ywj3ePIlUD12EkxZtYF,jz,1
