_c0,OPcodes,count
8Z4wSKyUQznTifm9hMbl,db,221485
8Z4wSKyUQznTifm9hMbl,mov,54529
8Z4wSKyUQznTifm9hMbl,push,34721
8Z4wSKyUQznTifm9hMbl,call,17882
8Z4wSKyUQznTifm9hMbl,lea,12454
8Z4wSKyUQznTifm9hMbl,cmp,10278
8Z4wSKyUQznTifm9hMbl,pop,9866
8Z4wSKyUQznTifm9hMbl,jz,7220
8Z4wSKyUQznTifm9hMbl,add,7074
8Z4wSKyUQznTifm9hMbl,jmp,6714
8Z4wSKyUQznTifm9hMbl,test,5381
8Z4wSKyUQznTifm9hMbl,jnz,4890
8Z4wSKyUQznTifm9hMbl,xor,3757
8Z4wSKyUQznTifm9hMbl,and,2598
8Z4wSKyUQznTifm9hMbl,align,2430
8Z4wSKyUQznTifm9hMbl,sub,2209
8Z4wSKyUQznTifm9hMbl,inc,2199
8Z4wSKyUQznTifm9hMbl,or,1305
8Z4wSKyUQznTifm9hMbl,dd,1172
8Z4wSKyUQznTifm9hMbl,retn,899
8Z4wSKyUQznTifm9hMbl,dec,882
8Z4wSKyUQznTifm9hMbl,shl,860
8Z4wSKyUQznTifm9hMbl,jle,658
8Z4wSKyUQznTifm9hMbl,jl,599
8Z4wSKyUQznTifm9hMbl,movzx,595
8Z4wSKyUQznTifm9hMbl,jnb,574
8Z4wSKyUQznTifm9hMbl,shr,548
8Z4wSKyUQznTifm9hMbl,jb,514
8Z4wSKyUQznTifm9hMbl,jge,472
8Z4wSKyUQznTifm9hMbl,jbe,428
8Z4wSKyUQznTifm9hMbl,dw,399
8Z4wSKyUQznTifm9hMbl,ja,304
8Z4wSKyUQznTifm9hMbl,sar,289
8Z4wSKyUQznTifm9hMbl,jg,250
8Z4wSKyUQznTifm9hMbl,movsx,230
8Z4wSKyUQznTifm9hMbl,neg,221
8Z4wSKyUQznTifm9hMbl,sbb,188
8Z4wSKyUQznTifm9hMbl,not,155
8Z4wSKyUQznTifm9hMbl,setz,154
8Z4wSKyUQznTifm9hMbl,fstp,142
8Z4wSKyUQznTifm9hMbl,rep,130
8Z4wSKyUQznTifm9hMbl,fld,108
8Z4wSKyUQznTifm9hMbl,imul,98
8Z4wSKyUQznTifm9hMbl,setnz,88
8Z4wSKyUQznTifm9hMbl,idiv,82
8Z4wSKyUQznTifm9hMbl,div,53
8Z4wSKyUQznTifm9hMbl,setnle,48
8Z4wSKyUQznTifm9hMbl,repne,43
8Z4wSKyUQznTifm9hMbl,fnstsw,42
8Z4wSKyUQznTifm9hMbl,fcomp,38
8Z4wSKyUQznTifm9hMbl,jns,33
8Z4wSKyUQznTifm9hMbl,fild,27
8Z4wSKyUQznTifm9hMbl,fmul,24
8Z4wSKyUQznTifm9hMbl,movdqa,24
8Z4wSKyUQznTifm9hMbl,unicode,21
8Z4wSKyUQznTifm9hMbl,setl,18
8Z4wSKyUQznTifm9hMbl,js,15
8Z4wSKyUQznTifm9hMbl,repe,15
8Z4wSKyUQznTifm9hMbl,mul,14
8Z4wSKyUQznTifm9hMbl,setnl,10
8Z4wSKyUQznTifm9hMbl,fdiv,9
8Z4wSKyUQznTifm9hMbl,adc,8
8Z4wSKyUQznTifm9hMbl,int,8
8Z4wSKyUQznTifm9hMbl,fst,7
8Z4wSKyUQznTifm9hMbl,fadd,7
8Z4wSKyUQznTifm9hMbl,fistp,6
8Z4wSKyUQznTifm9hMbl,fxch,6
8Z4wSKyUQznTifm9hMbl,setb,5
8Z4wSKyUQznTifm9hMbl,fsub,5
8Z4wSKyUQznTifm9hMbl,fcom,4
8Z4wSKyUQznTifm9hMbl,rcr,4
8Z4wSKyUQznTifm9hMbl,fsubr,3
8Z4wSKyUQznTifm9hMbl,jp,3
8Z4wSKyUQznTifm9hMbl,fimul,2
8Z4wSKyUQznTifm9hMbl,fiadd,2
8Z4wSKyUQznTifm9hMbl,setle,2
8Z4wSKyUQznTifm9hMbl,faddp,2
8Z4wSKyUQznTifm9hMbl,xchg,2
8Z4wSKyUQznTifm9hMbl,bt,2
8Z4wSKyUQznTifm9hMbl,stmxcsr,2
8Z4wSKyUQznTifm9hMbl,ldmxcsr,2
8Z4wSKyUQznTifm9hMbl,shrd,2
8Z4wSKyUQznTifm9hMbl,bts,2
8Z4wSKyUQznTifm9hMbl,fstcw,2
8Z4wSKyUQznTifm9hMbl,rol,1
8Z4wSKyUQznTifm9hMbl,fidiv,1
8Z4wSKyUQznTifm9hMbl,fsubp,1
8Z4wSKyUQznTifm9hMbl,fdivp,1
8Z4wSKyUQznTifm9hMbl,fisub,1
8Z4wSKyUQznTifm9hMbl,fmulp,1
8Z4wSKyUQznTifm9hMbl,rclsid,1
8Z4wSKyUQznTifm9hMbl,iid,1
8Z4wSKyUQznTifm9hMbl,outs,1
8Z4wSKyUQznTifm9hMbl,fidivr,1
8Z4wSKyUQznTifm9hMbl,aad,1
8Z4wSKyUQznTifm9hMbl,riid,1
8Z4wSKyUQznTifm9hMbl,presbits,1
8Z4wSKyUQznTifm9hMbl,pxor,1
8Z4wSKyUQznTifm9hMbl,movapd,1
8Z4wSKyUQznTifm9hMbl,jnp,1
8Z4wSKyUQznTifm9hMbl,fldcw,1
