,OPcodes,count
0,db,2363
1,push,379
2,pop,159
3,call,119
4,mov,79
5,retn,39
6,align,30
7,lea,8
8,jnz,6
9,test,6
10,add,3
11,xor,2
12,sub,2
13,jz,2
14,movzx,1
15,jmp,1
16,cmp,1
17,rep,1
18,dw,1
19,dd,1
