,OPcodes,count
0,db,1008
1,push,343
2,mov,152
3,pop,139
4,call,137
5,add,98
6,dd,66
7,align,56
8,sub,52
9,lea,44
10,xor,9
11,test,9
12,jnz,8
13,adc,8
14,sbb,7
15,and,6
16,cmp,4
17,or,3
18,jb,2
19,jbe,1
20,jmp,1
21,dec,1
22,ja,1
23,inc,1
24,jz,1
