,OPcodes,count
0,mov,3483
1,db,1090
2,test,393
3,cmp,342
4,call,327
5,lea,312
6,jmp,306
7,jz,287
8,pop,283
9,add,261
10,align,242
11,push,217
12,sub,208
13,jnz,188
14,xor,178
15,inc,119
16,and,88
17,jle,87
18,or,62
19,fstp,60
20,movzx,51
21,jg,47
22,sar,44
23,dec,42
24,fld,37
25,shr,31
26,js,29
27,shl,29
28,ja,29
29,jbe,28
30,movsx,27
31,jns,24
32,fxch,21
33,fnstsw,19
34,sbb,16
35,jnb,16
36,jb,15
37,fmul,14
38,jge,14
39,fldcw,14
40,imul,11
41,div,11
42,fild,10
43,jl,10
44,fucom,9
45,shrd,8
46,adc,7
47,dd,7
48,bsr,6
49,neg,6
50,mul,6
51,fadd,6
52,fstsw,5
53,fsubp,5
54,shld,4
55,fnstcw,4
56,fist,4
57,setbe,3
58,bsf,3
59,setz,3
60,retn,3
61,fucomp,3
62,setnz,3
63,repe,3
64,faddp,3
65,fistp,3
66,fdiv,3
67,xchg,2
68,fsubrp,2
69,rep,2
70,fsubr,2
71,fsub,2
72,not,1
73,idiv,1
74,jp,1
75,setnle,1
76,fst,1
77,setnbe,1
78,extrn,1
79,fdivp,1
80,unicode,1
81,setb,1
