,OPcodes,count
0,db,2791
1,push,514
2,pop,242
3,call,222
4,mov,202
5,add,133
6,align,102
7,sub,71
8,dd,56
9,xor,55
10,lea,51
11,retn,40
12,jnz,11
13,test,10
14,or,9
15,and,8
16,adc,6
17,cmp,5
18,sbb,4
19,jb,4
20,dec,3
21,extrn,2
22,xchg,1
23,jbe,1
24,jg,1
