,OPcodes,count
0,db,1445
1,push,455
2,mov,187
3,pop,173
4,call,168
5,add,123
6,sub,68
7,dd,68
8,align,65
9,lea,49
10,xor,11
11,or,8
12,jnz,7
13,sbb,7
14,test,7
15,and,6
16,cmp,6
17,dec,3
18,jz,3
19,adc,2
20,jbe,2
21,jmp,1
22,unicode,1
23,ja,1
