,OPcodes,count
0,db,2778
1,push,516
2,pop,243
3,call,222
4,mov,196
5,add,130
6,align,100
7,sub,74
8,dd,56
9,xor,53
10,lea,49
11,retn,40
12,jnz,9
13,and,9
14,sbb,8
15,test,8
16,or,8
17,adc,5
18,cmp,4
19,dec,3
20,jb,3
21,extrn,2
22,xchg,1
23,jbe,1
24,jg,1
