,OPcodes,count
0,mov,5633
1,push,5096
2,call,1702
3,cmp,1528
4,jz,1102
5,db,965
6,lea,882
7,pop,692
8,jnz,666
9,jmp,519
10,test,519
11,xor,473
12,inc,358
13,add,293
14,and,244
15,sub,228
16,align,192
17,retn,170
18,dd,169
19,dec,132
20,jl,109
21,jb,105
22,or,91
23,shl,90
24,jbe,83
25,rep,83
26,shr,68
27,neg,45
28,jge,45
29,sbb,39
30,movzx,27
31,ja,26
32,jle,25
33,jnb,19
34,setz,14
35,setnz,12
36,jg,12
37,not,10
38,sar,10
39,movsx,9
40,dw,7
41,imul,6
42,extrn,6
43,js,4
44,mul,4
45,div,2
46,idiv,1
47,xchg,1
48,jns,1
49,repe,1
50,offset,1
